298
1.471390
1.824838
2.120176
2.459725
2.783506
3.123679
3.502189
3.872381
4.241819
4.570612
4.930399
5.291760
5.630824
5.993590
6.362588
6.750650
7.345564
8.002044
8.694830
9.473481
10.227604
10.906474
11.543815
12.357135
13.040964
13.712968
14.392894
15.068896
15.821896
16.535459
17.237009
18.131904
18.812348
19.461340
20.094767
20.919908
21.685883
22.310009
22.967133
23.779891
24.483656
25.179603
25.882802
26.645623
27.306458
27.970616
28.400919
28.715293
29.089953
31.237072
31.605919
31.957407
34.086620
34.471245
34.833110
39.787510
40.142634
40.493294
41.298463
42.615720
42.972203
43.348171
45.514640
45.864509
46.233060
51.269626
51.582233
51.945993
52.629510
54.068504
54.441912
54.819016
56.940699
57.284589
57.670467
62.946116
63.295154
64.404889
64.784860
65.526576
66.267194
68.387723
68.731577
69.079727
71.139290
71.528762
71.898880
73.325105
73.723851
74.070461
74.413922
74.780754
75.135739
75.445272
76.242229
76.946670
77.275726
77.644620
78.715851
79.064041
79.445216
79.786411
80.520381
81.900526
82.261038
82.448727
83.400562
83.591507
84.740634
85.145011
85.486040
85.835434
86.186450
86.536167
87.037276
87.711425
88.315105
88.703070
89.082577
90.094108
90.455369
90.820149
91.170435
91.948920
93.218403
93.686003
93.846210
94.808905
94.975516
96.218283
96.559701
96.890928
97.237494
97.622414
98.011368
98.356333
99.132255
100.127780
100.536768
102.917585
107.669195
108.051175
108.444731
109.087101
110.406624
110.815992
111.214207
112.663420
113.371180
114.127172
119.155066
119.453490
119.790000
120.506192
121.935020
122.290592
122.677835
124.771737
125.139099
125.546362
128.361429
130.448058
130.777625
131.214304
131.588896
131.983039
133.315707
133.654882
134.014158
134.775554
136.215938
136.551077
136.901495
141.176675
141.539210
141.888223
142.258217
142.622971
143.459169
144.778327
145.154548
145.545070
146.260756
147.616087
147.989773
148.355263
150.536553
150.847754
151.206988
152.580616
152.978414
153.338051
153.663892
154.034963
154.415469
154.785582
155.529443
156.263287
156.592569
156.951694
158.031282
158.384610
158.740835
159.090854
159.806064
161.255846
161.587489
161.782292
162.658967
162.854202
164.066731
164.430052
164.744048
165.094977
165.460848
165.862426
166.185131
166.931261
167.630865
168.014280
168.376631
169.433741
169.801635
170.148324
170.620654
171.271257
172.661317
172.990726
173.156647
174.093613
174.255641
175.468640
175.804230
176.130307
176.465591
176.836003
177.199565
177.579166
178.379253
179.361404
179.798452
182.407338
209.083024
209.422540
209.749925
210.122949
210.470467
210.866468
211.525887
211.931801
212.683951
213.026525
213.380240
214.459944
214.811422
215.170793
215.522022
216.230788
217.660416
218.044149
218.240668
219.058695
219.309454
220.494852
220.847492
221.181028
221.533549
221.927723
222.249625
222.575682
223.350889
224.032555
224.382264
224.779928
225.886378
226.239255
226.564992
226.885114
227.709616
228.977891
229.434401
229.617643
230.393787
230.613662
231.832207
232.236000
232.578927
232.927307
233.272008
233.639785
234.043139
234.794827
235.825059
236.253732
238.737918
243.779795
244.154598
247.399120
